62 150
3
2

128 _

8 16
8 14
8 12
8 11
8 9
8 7
8 9
8 11

8 12
8 11
8 9
8 7
8 5
8 4
8 5
8 2

4 0
4 4
4 7
4 5

4 4
4 0
4 4
4 2

4 0
4 -3
4 0
4 7

4 5
4 9
4 7
4 5

4 4
4 0
4 2
4 11
4 12
4 16
4 19
4 7

4 9
4 5
4 7
4 4

4 0
4 12
6 12
2 11



2 12
2 11
2 12
2 0
2 -1
2 7
2 2
2 4

2 0
2 12
2 11
2 9
2 11
2 16
2 19
2 21

2 17
2 16
2 14
2 17
2 16
2 14
2 12
2 11

2 9
2 7
2 5
2 4
2 2
2 5
2 4
2 2

2 0
2 2
2 4
2 5
2 7
2 2
2 7
2 5

2 4
2 9
2 7
2 5
2 7
2 5
2 4
2 2

2 0
2 -3
2 9
2 11
2 12
2 11
2 9
2 7

2 5
2 4
2 2
2 9
2 7
2 9
2 7
2 5


4 4
4 16
8 14

4 _
4 12
8 16

8 21
8 19
8 21
8 23

4 24
4 12
8 11

4 _
4 9
8 12

12 12
4 12

4 12
4 17
4 14
4 19

2 19
1 16
1 17
2 19
1 16
1 17
1 19
1 7
1 9
1 11
1 12
1 14
1 16
1 17

2 16
1 12
1 14
2 16
1 4
1 5
1 7
1 9
1 7
1 5
1 7
1 4
1 5
1 7

2 5
1 9
1 7
2 5
1 4
1 2
1 4
1 2
1 0
1 2
1 4
1 5
1 7
1 9

2 5
1 9
1 7
2 9
1 11
1 12
1 7
1 9
1 11
1 12
1 14
1 16
1 17
1 19

2 16
1 12
1 14
2 16
1 14
1 12
1 14
1 11
1 12
1 14
1 16
1 14
1 12
1 11

2 12
1 9
1 11
2 12
1 0
1 2
1 4
1 5
1 4
1 2
1 4
1 12
1 11
1 12

2 9
1 12
1 11
2 9
1 7
1 5
1 7
1 5
1 4
1 5
1 7
1 9
1 11
1 12

2 9
1 12
1 11
2 12
1 11
1 9
1 11
1 12
1 14
1 12
1 11
1 12
1 9
1 11

4 12
4 _
4 11
4 _

4 9
4 _
4 12
4 _

4 0
4 _
4 0
4 _

4 0
4 _
4 2
4 _

4 _
4 7
4 _
4 7

4 _
4 4
4 _
4 7

4 _
4 5
4 _
4 4

4 _
4 5
4 _
4 14

2 16
2 4
2 5
2 4
2 2
2 14
2 16
2 14

2 12
2 4
2 0
2 9
2 7
2 -5
2 -7
2 -5

2 -3
2 9
2 11
2 9
2 7
2 -5
2 -7
2 -5

2 -3
2 9
2 7
2 9
2 11
2 -1
2 -3
2 -1

2 0
2 12
2 14
2 12
2 11
2 -1
2 0
2 -1

2 -3
2 9
2 7
2 9
2 11
2 -1
2 4
2 2

2 0
2 12
2 14
2 17
2 16
2 4
2 7
2 16

2 12
2 17
2 16
2 17
2 14
2 7
2 5
2 7

2 4
2 7
2 7
2 7
2 7
2 7
2 7
2 7

2 4
2 4
2 4
2 4
2 4
2 4
2 7
2 7

2 5
2 5
2 5
2 5
2 12
2 12
2 12
2 12

2 12
2 12
2 9
2 9
2 7
2 7
2 14
2 11

2 7
2 16
2 16
2 16
2 14
2 14
2 14
2 14

2 12
2 12
2 12
2 12
2 19
2 19
2 19
2 19

2 21
2 21
2 21
2 21
2 19
2 19
2 19
2 19

2 21
2 21
2 21
2 21
2 23
2 11
2 11
2 11



2 12
1 0
1 2
2 4
2 0
2 -1
1 11
1 12
2 14
2 11

2 9
1 -3
1 -1
2 0
2 -3
2 -1
1 7
1 5
2 4
2 2

2 0
1 5
1 4
2 2
2 5
2 4
1 0
1 2
2 4
2 7

2 5
1 9
1 7
2 5
2 4
2 2
1 7
1 5
2 4
2 2

2 4
1 12
1 11
2 12
2 4
2 7
1 7
1 9
2 11
2 7

2 4
1 12
1 14
2 16
2 12
2 16
1 16
1 14
2 12
2 11

2 9
1 9
1 7
2 9
2 11
2 12
1 16
1 14
2 12
2 16

2 17
1 12
1 11
2 9
2 9
2 7
2 2
2 7
2 7

12 7
4 7
12 0
4 7
8 5
8 7

4 5
4 12
6 12
2 11

4 0
4 12
8 11
8 9
8 7

6 0
2 2
8 4

8 9
6 2
2 2

6 4
2 16
2 16
2 17
2 16
2 14

6 12
2 12
2 12
2 14
2 12
2 11

8 9
6 12
2 12

2 12
2 10
2 9
2 11
6 7
2 7

6 7
2 19
2 19
2 21
2 19
2 17

6 16
2 16
2 16
2 17
2 16
2 14

2 12
2 10
2 9
2 11
6 7
2 7

4 5
4 12
6 11
2 11

4 12
8 12
8 11
8 9
8 7
8 5
10 4
2 2
8 2

4 4
8 16
4 14

4 12
8 24
4 22

8 21
4 24
4 19

8 21
8 19

8 19
6 7
2 5

8 4
6 16
2 14

12 12
4 12

8 12
8 11

4 12
4 0
4 -1
4 11

4 9
4 -3
4 -5
4 7

4 5
4 17
4 16
4 4

4 2
4 9
6 2
2 14

16 16