36 1200
1
1

1 12
1 7
1 9
1 4
1 5
1 0
1 5
1 7

1 12
1 7
1 9
1 4
1 5
1 0
1 5
1 7

1 12
1 7
1 9
1 4
1 5
1 0
1 5
1 7

1 12
1 7
1 9
1 4
1 5
1 0
1 5
1 7

1 12
1 7
1 9
1 4
1 5
1 0
1 5
1 7

1 12
1 7
1 9
1 4
1 5
1 0
1 5
1 7

1 12
1 7
1 9
1 4
1 5
1 0
1 5
1 7

1 12
1 7
1 9
1 4
1 5
1 0
1 5
1 7

1 12
1 7
1 9
1 4
1 5
1 0
1 5
1 7

1 12
1 7
1 9
1 4
1 5
1 0
1 5
1 7

1 12
1 7
1 9
1 4
1 5
1 0
1 5
1 7

1 12
1 7
1 9
1 4
1 5
1 0
1 5
1 7

1 12
1 7
1 9
1 4
1 5
1 0
1 5
1 7

1 12
1 7
1 9
1 4
1 5
1 0
1 5
1 7

1 12
1 7
1 9
1 4
1 5
1 0
1 5
1 7

1 12
1 7
1 9
1 4
1 5
1 0
1 5
1 7

1 12
1 7
1 9
1 4
1 5
1 0
1 5
1 7

1 12
1 7
1 9
1 4
1 5
1 0
1 5
1 7

1 12
1 7
1 9
1 4
1 5
1 0
1 5
1 7

1 12
1 7
1 9
1 4
1 5
1 0
1 5
1 7

1 12
1 7
1 9
1 4
1 5
1 0
1 5
1 7

1 12
1 7
1 9
1 4
1 5
1 0
1 5
1 7

1 12
1 7
1 9
1 4
1 5
1 0
1 5
1 7

1 12
1 7
1 9
1 4
1 5
1 0
1 5
1 7

1 12
1 7
1 9
1 4
1 5
1 0
1 5
1 7

1 12
1 7
1 9
1 4
1 5
1 0
1 5
1 7

1 12
1 7
1 9
1 4
1 5
1 0
1 5
1 7

1 12
1 7
1 9
1 4
1 5
1 0
1 5
1 7

2 12



